! y = 54.0D0*exp(-3.2D0*x)-3.0D0*exp(0.002214D0*x)+0.005D0*exp(5.2D0*x)-0.001D0*exp(6.0D0*x)
! with noise y = y*(1.0D0 + (0.5-RandomLCG())/50.0D0)  
   2.0000000000000000E-002   48.122552264313498
   4.0000000000000001E-002   44.848639709228188
   5.9999999999999998E-002   41.249210638814617
   8.0000000000000002E-002   38.851979729956156
  0.10000000000000001        36.437681614080951
  0.12000000000000000        33.904145098921539
  0.14000000000000001        31.484399271015828
  0.16000000000000000        29.424215746119362
  0.17999999999999999        27.180087755108843
  0.20000000000000001        25.398808825368505
  0.22000000000000000        23.588468873717204
  0.23999999999999999        21.996685736887727
  0.26000000000000001        20.433135043550671
  0.28000000000000003        19.130406331013141
  0.29999999999999999        17.865750411067253
  0.32000000000000001        16.524261216128178
  0.34000000000000002        15.083191671529182
  0.35999999999999999        14.183523374482768
  0.38000000000000000        12.984130889429593
  0.40000000000000002        12.140803600513983
  0.41999999999999998        11.137901409590043
  0.44000000000000000        10.280815867517497
  0.46000000000000002        9.4719138230099613
  0.47999999999999998        8.6703942873944992
  0.50000000000000000        7.9325489464035615
  0.52000000000000002        7.2895190768825353
  0.54000000000000004        6.6208301096864481
  0.56000000000000005        6.0018027267524978
  0.57999999999999996        5.5406142567602439
  0.59999999999999998        4.9459401220280679
  0.62000000000000000        4.5086603735367952
  0.64000000000000001        4.0932712981056909
  0.66000000000000003        3.6071932763274122
  0.68000000000000005        3.2105487289245591
  0.69999999999999996        2.8573682796816509
  0.71999999999999997        2.5434692303650754
  0.73999999999999999        2.1866796682237468
  0.76000000000000001        1.9124726016959619
  0.78000000000000003        1.6206813225179935
  0.80000000000000004        1.3561820282639365
  0.81999999999999995        1.1182020603836909
  0.83999999999999997       0.91557490188090707
  0.85999999999999999       0.70923021772289974
  0.88000000000000000       0.51076612376066233
  0.90000000000000002       0.33990905876003752
  0.92000000000000004       0.18733308672408588
  0.93999999999999995        4.2838025506099824E-002
  0.95999999999999996       -8.6392860519219752E-002
  0.97999999999999998      -0.20246401479509213
   1.0000000000000000      -0.30264332918507197
   1.0200000000000000      -0.38756402535029993
   1.0400000000000000      -0.46313258835447385
   1.0600000000000001      -0.53305420974610618
   1.0800000000000001      -0.58009636652289942
   1.1000000000000001      -0.62247456477045160
   1.1200000000000001      -0.64045696708078126
   1.1399999999999999      -0.65627898595231071
   1.1599999999999999      -0.65591997701456661
   1.1799999999999999      -0.65386523104000316
   1.2000000000000000      -0.62601918933637213
   1.2200000000000000      -0.57863702028592423
   1.2400000000000000      -0.53003753894594674
   1.2600000000000000      -0.46369757534630174
   1.2800000000000000      -0.38987633723891463
   1.3000000000000000      -0.29083192295220900
   1.3200000000000001      -0.18563724889032368
   1.3400000000000001       -5.9812967754917526E-002
   1.3600000000000001        8.1137938335103757E-002
   1.3799999999999999       0.23506491814869460
   1.3999999999999999       0.40651036883951569
   1.4199999999999999       0.60012853949411937
   1.4399999999999999       0.80162235463077081
   1.4600000000000000        1.0420129713615334
   1.4800000000000000        1.2833539294659433
   1.5000000000000000        1.5259346912536005
   1.5200000000000000        1.8284322058948148
   1.5400000000000000        2.1018356182713531
   1.5600000000000001        2.4106556609309502
   1.5800000000000001        2.7353026788657049
   1.6000000000000001        3.0598789757161078
   1.6200000000000001        3.4020145993935893
   1.6399999999999999        3.7690597669201429
   1.6599999999999999        4.1142974456335013
   1.6799999999999999        4.4808145858456232
   1.7000000000000000        4.8132256084362313
   1.7200000000000000        5.2093094226061210
   1.7400000000000000        5.4530399499349036
   1.7600000000000000        5.8126200916177631
   1.7800000000000000        6.0455122418026512
   1.8000000000000000        6.1580378841100973
   1.8200000000000001        6.2955556524324150
   1.8400000000000001        6.3647035421889191
   1.8600000000000001        6.2254615910751374
   1.8799999999999999        5.8976450849867001
   1.8999999999999999        5.5019379457901421
   1.9199999999999999        4.7518805445902972
   1.9399999999999999        3.7786810852913915
   1.9600000000000000        2.5118228705531962
   1.9800000000000000       0.80555933683458059
   2.0000000000000000       -1.3685833189740897