! y = 54.0D0*exp(-3.2D0*x)-3D0*exp(0.002214D0*x)+3.9D0*exp(0.0455D0*x)
! with noise y = y*(1.0D0 + (0.5-RandomLCG())/50.0D0) 
   2.0000000000000000E-002   52.059808788921451
   4.0000000000000001E-002   48.779956197256951
   5.9999999999999998E-002   45.124192082805230
   8.0000000000000002E-002   42.764556608316816
  0.10000000000000001        40.372605607347047
  0.12000000000000000        37.831723502082951
  0.14000000000000001        35.398354175715134
  0.16000000000000000        33.351097348796252
  0.17999999999999999        31.075951625013090
  0.20000000000000001        29.310623683438134
  0.22000000000000000        27.494129913883260
  0.23999999999999999        25.914257799157117
  0.26000000000000001        24.349775046996406
  0.28000000000000003        23.079490395040590
  0.29999999999999999        21.840266776406533
  0.32000000000000001        20.488850252600447
  0.34000000000000002        18.989191523536377
  0.35999999999999999        18.151472445541160
  0.38000000000000000        16.911951500674704
  0.40000000000000002        16.116326180873084
  0.41999999999999998        15.090212677876703
  0.44000000000000000        14.239181903825566
  0.46000000000000002        13.434317632562081
  0.47999999999999998        12.617180267309541
  0.50000000000000000        11.868224196998472
  0.52000000000000002        11.238648195545059
  0.54000000000000004        10.545401314083033
  0.56000000000000005        9.9032027195187560
  0.57999999999999996        9.5002352105055081
  0.59999999999999998        8.8429826999639314
  0.62000000000000000        8.4379841697349338
  0.64000000000000001        8.0533880267483688
  0.66000000000000003        7.4975101936208635
  0.68000000000000005        7.0890202952112329
  0.69999999999999996        6.7455072345570803
  0.71999999999999997        6.4676683435201321
  0.73999999999999999        6.0419678125059244
  0.76000000000000001        5.8022076543456258
  0.78000000000000003        5.4677356724955199
  0.80000000000000004        5.1687295662947994
  0.81999999999999995        4.9124549529339863
  0.83999999999999997        4.7623973167645133
  0.85999999999999999        4.5350671194696384
  0.88000000000000000        4.2496473693904857
  0.90000000000000002        4.0545761005611345
  0.92000000000000004        3.9423241008965677
  0.93999999999999995        3.7340037408625779
  0.95999999999999996        3.5922755049634350
  0.97999999999999998        3.4454096706597914
   1.0000000000000000        3.2769832942263166
   1.0200000000000000        3.1135667688392492
   1.0400000000000000        2.9927849521804073
   1.0600000000000001        2.9166269214911571
   1.0800000000000001        2.7879411815272568
   1.1000000000000001        2.7040680834084743
   1.1200000000000001        2.5759489108322060
   1.1399999999999999        2.4970739351987348
   1.1599999999999999        2.4097725921949822
   1.1799999999999999        2.3678771330558410
   1.2000000000000000        2.2845051199384105
   1.2200000000000000        2.1819238407439352
   1.2400000000000000        2.1290248987629163
   1.2600000000000000        2.0644446313694074
   1.2800000000000000        2.0365658402487874
   1.3000000000000000        1.9556800301869106
   1.3200000000000001        1.9397513136034155
   1.3400000000000001        1.8877896115360264
   1.3600000000000001        1.8418972271397198
   1.3799999999999999        1.7782325050953243
   1.3999999999999999        1.7418331450641098
   1.4199999999999999        1.7234230003672677
   1.4399999999999999        1.6797362857864249
   1.4600000000000000        1.6783556546828657
   1.4800000000000000        1.6465742261339251
   1.5000000000000000        1.6010627153753914
   1.5200000000000000        1.6012733945882318
   1.5400000000000000        1.5620583928733169
   1.5600000000000001        1.5416462480053328
   1.5800000000000001        1.5234349011353523
   1.6000000000000001        1.5000986710255120
   1.6200000000000001        1.4823629745610558
   1.6399999999999999        1.4728738334763123
   1.6599999999999999        1.4543299205485962
   1.6799999999999999        1.4447028438182024
   1.7000000000000000        1.4272961044524246
   1.7200000000000000        1.4327902542023689
   1.7400000000000000        1.4034318006494200
   1.7600000000000000        1.4130701083586314
   1.7800000000000000        1.4026475471098134
   1.8000000000000000        1.3795460368865802
   1.8200000000000001        1.3803040006023326
   1.8400000000000001        1.3880548093682421
   1.8600000000000001        1.3780378358892218
   1.8799999999999999        1.3604129959242590
   1.8999999999999999        1.3715818781045683
   1.9199999999999999        1.3518921762374156
   1.9399999999999999        1.3449743396121590
   1.9600000000000000        1.3560862200230506
   1.9800000000000000        1.3568860892729970
   2.0000000000000000        1.3365636819730931
