0	51
2.00E-02	47.65213713
4.00E-02	44.51181678
6.00E-02	41.56617235
8.00E-02	38.80313491
0.1	36.21138373
0.12	33.78029992
0.14	31.49992291
0.16	29.36090964
0.18	27.35449624
0.2	25.4724622
0.22	23.70709662
0.24	22.05116664
0.26	20.49788778
0.28	19.04089621
0.3	17.67422258
0.32	16.39226764
0.34	15.18977925
0.36	14.06183088
0.38	13.00380142
0.4	12.01135625
0.42	11.08042947
0.44	10.20720725
0.46	9.388112187
0.48	8.619788677
0.5	7.899089133
0.52	7.223061107
0.54	6.588935189
0.56	5.994113657
0.58	5.436159834
0.6	4.912788107
0.62	4.421854558
0.64	3.961348183
0.66	3.529382648
0.68	3.124188563
0.7	2.744106232
0.72	2.387578851
0.74	2.053146132
0.76	1.739438314
0.78	1.445170557
0.8	1.169137675
0.82	0.910209196
0.84	0.667324732
0.86	0.439489634
0.88	0.225770916
0.9	2.53E-02
0.92	-0.162763706
0.94	-0.3391705
0.96	-0.504649213
0.98	-0.659877332
1	-0.805490343
1.02	-0.942084335
1.04	-1.070218442
1.06	-1.190417134
1.08	-1.30317237
1.1	-1.408945605
1.12	-1.50816969
1.14	-1.601250639
1.16	-1.688569296
1.18	-1.770482896
1.2	-1.847326525
1.22	-1.919414496
1.24	-1.987041636
1.26	-2.050484496
1.28	-2.11000248
1.3	-2.16583891
1.32	-2.218222026
1.34	-2.267365916
1.36	-2.313471397
1.38	-2.356726833
1.4	-2.397308916
1.42	-2.435383379
1.44	-2.471105682
1.46	-2.504621649
1.48	-2.536068061
1.5	-2.565573221
1.52	-2.593257477
1.54	-2.619233717
1.56	-2.643607829
1.58	-2.666479137
1.6	-2.687940809
1.62	-2.708080234
1.64	-2.726979387
1.66	-2.744715158
1.68	-2.761359671
1.7	-2.776980579
1.72	-2.791641342
1.74	-2.805401483
1.76	-2.818316836
1.78	-2.830439776
1.8	-2.841819428
1.82	-2.852501872
1.84	-2.862530333
1.86	-2.871945354
1.88	-2.880784966
1.9	-2.889084841
1.92	-2.896878442
1.94	-2.904197154
1.96	-2.91107042
1.98	-2.917525854
2	-2.923589361
