! 54 exp(-3.2x) - 3 exp(0.002214x) + 0.005 exp(5.2x) - 0.001 exp(6)
0.02	47.65655764
0.04	44.5167016
0.06	41.5715698
0.08	38.80909826
0.1	36.21797175
0.12	33.78757738
0.14	31.50796122
0.16	29.36978749
0.18	27.36430037
0.2	25.48328817
0.22	23.7190497
0.24	22.06436279
0.26	20.5124547
0.28	19.0569745
0.3	17.69196704
0.32	16.41184863
0.34	15.21138425
0.36	14.08566617
0.38	13.03009389
0.4	12.04035542
0.42	11.11240968
0.44	10.24247008
0.46	9.426989058
0.48	8.66264371
0.5	7.946322286
0.52	7.275111577
0.54	6.646285125
0.56	6.05729221
0.58	5.505747563
0.6	4.989421771
0.62	4.50623233
0.64	4.054235313
0.66	3.631617611
0.68	3.236689727
0.7	2.867879084
0.72	2.52372382
0.74	2.202867045
0.76	1.904051542
0.78	1.62611487
0.8	1.367984871
0.82	1.128675536
0.84	0.907283229
0.86	0.702983235
0.88	0.51502662
0.9	0.34273738
0.92	0.185509865
0.94	0.042806445
0.96	-0.08584459
0.98	-0.200850924
1	-0.302557927
1.02	-0.391250219
1.04	-0.467153095
1.06	-0.530433871
1.08	-0.581203167
1.1	-0.619516179
1.12	-0.645373995
1.14	-0.65872499
1.16	-0.659466396
1.18	-0.647446094
1.2	-0.622464734
1.22	-0.58427828
1.24	-0.532601093
1.26	-0.467109701
1.28	-0.387447404
1.3	-0.293229909
1.32	-0.184052208
1.34	-0.059496946
1.36	0.080855421
1.38	0.237414357
1.4	0.410564462
1.42	0.600647728
1.44	0.80794232
1.46	1.032637273
1.48	1.274802419
1.5	1.534352739
1.52	1.811006229
1.54	2.104234208
1.56	2.413202857
1.58	2.736704596
1.6	3.073077667
1.62	3.4201121
1.64	3.774939919
1.66	4.133907179
1.68	4.492425017
1.7	4.844796548
1.72	5.184015937
1.74	5.501535452
1.76	5.786995723
1.78	6.027913712
1.8	6.209322146
1.82	6.313353234
1.84	6.31875852
1.86	6.200355519
1.88	5.928390475
1.9	5.467805108
1.92	4.777393456
1.94	3.808833009
1.96	2.50557211
1.98	0.80155307
2	-1.380252408
